start=338.733333
volume=110.000000
sid=no
