start=2519.566667
volume=80.000000
sid=no
sub-delay=8.499996
sub-visibility=no
