start=120.600000
volume=62.000000
