start=2896.700000
volume=114.000000
audio-delay=-0.200000
saturation=6
