start=1333.400000
volume=98.000000
