start=403.600000
volume=78.000000
