start=198.700000
volume=76.000000
