start=5.083333
volume=130.000000
