start=2535.733333
volume=104.000000
fullscreen=yes
