start=1.600000
aid=1
sub-delay=0.400000
