start=1849.133333
volume=80.000000
fullscreen=yes
contrast=-2
sub-visibility=no
