start=1210.266667
volume=80.000000
fullscreen=yes
